============================================================
BEST SOLUTION DETAILS:
============================================================
Solution results
================
    # routes: 18
     # trips: 18
   # clients: 200
   objective: 1826372
    distance: 2637.2
    duration: 20751.5
# iterations: 68742
    run-time: 1800.01 seconds

Routes
------
Route #1: 118 83 143 176 36 33 121 165 188 108 17
Route #2: 57 60 180 84 191 125 4 82 72 190 90 67
Route #3: 113 5 10 193 46 128 106 167 34 95 158 2 175
Route #4: 109 179 73 129 43 13 155 78 39 107
Route #5: 164 66 47 160 147 6 122 11 139
Route #6: 32 171 65 86 115 94 51 174 136 189 91
Route #7: 148 200 69 141 124 197 103 70 12 116
Route #8: 20 41 85 80 31 25 172 77 110 162
Route #9: 45 27 154 24 61 100 64 173 178 76 131
Route #10: 170 134 50 156 112 168 79 29 87 42 123 48
Route #11: 133 26 152 40 153 169 89 105 15 59 198 14
Route #12: 21 23 182 75 163 194 145 195 52 92
Route #13: 68 30 120 19 192 196 97 96 130 28 74 149
Route #14: 114 159 38 150 22 151 16 140 187 142 111 63 56
Route #15: 62 102 146 44 184 135 37 199 138 81 137 183
Route #16: 177 157 98 8 3 88 186 127 54 18
Route #17: 93 55 58 49 132 185 104 161 117 181 7
Route #18: 101 144 119 166 35 126 71 9 1 99 53

