============================================================
BEST SOLUTION DETAILS:
============================================================
Solution results
================
    # routes: 72
     # trips: 72
   # clients: 800
   objective: 7439442
    distance: 23944.2
    duration: 97420.8
# iterations: 10632
    run-time: 1800.23 seconds

Routes
------
Route #1: 530 469 209 300 107 32 582 799 795 689 291
Route #2: 669 671 619 384 603 353 793 214 268 423 274 290 511
Route #3: 129 27 134 786 187 11 448 287 104 717 86 192 80 762
Route #4: 706 732 147 651 748 525 428 236 472 26 591 210 329
Route #5: 138 645 120 789 506 639 550 730 554 431 460 288
Route #6: 277 377 235 800 702 518 114 240 360 425 146 419
Route #7: 217 83 40 51 218 735 455 317 404 84 697 105 392
Route #8: 95 729 394 336 257 743 193 500 569
Route #9: 710 140 388 284 430 409 250 780 650 160 387 541 151
Route #10: 364 343 201 42 207 704 85 685 202 264
Route #11: 583 641 528 696 71 767 611 241 205 599 260
Route #12: 493 342 509 531 383 292 454 731 82 728 97 634
Route #13: 74 398 763 29 408 158 61 242 754 386 411 407 615
Route #14: 269 279 726 106 553 246 376 570 653 585
Route #15: 642 477 654 149 390 142 413 751 432 221
Route #16: 662 116 77 747 787 633 499 443 580 764 308
Route #17: 593 736 576 558 720 609 318 420 497 10
Route #18: 352 491 676 773 798 339 186 616
Route #19: 34 601 600 670 196 678 784 684 355 742 118 325 234
Route #20: 334 794 636 232 772 46 379 124 366
Route #21: 28 72 559 362 466 36 551 401 444 239 760 237
Route #22: 695 556 109 321 173 198 572 283 157 326 224
Route #23: 612 199 467 597 306 165 595 771 429 440
Route #24: 254 479 457 125 17 790 703 128 381 668
Route #25: 7 68 341 247 396 659 456 76 434 563 56 734
Route #26: 574 797 505 514 75 122 190 294 548
Route #27: 347 5 606 415 203 693 102 170 683 646
Route #28: 526 508 681 637 53 293 539 555 272 648 724
Route #29: 503 573 225 1 108 746 680 512 286 721
Route #30: 49 520 549 148 422 708 164 441 513 345 185 52 18
Route #31: 92 14 346 412 624 73 289 69 273 652 19 371
Route #32: 501 132 608 280 752 143 692 478 605 459
Route #33: 162 93 476 416 674 783 59 610 167
Route #34: 738 316 48 312 271 543 545 439 330 119 172 255
Route #35: 424 776 516 622 391 450 12 258 191
Route #36: 713 25 150 243 141 298 749 101 578 618 266 403
Route #37: 211 98 625 571 640 39 588 621 719 200 504
Route #38: 561 233 169 206 647 323 715 575 596 231
Route #39: 319 451 449 70 694 667 332 375 310 216 452
Route #40: 590 320 133 628 447 522 638 296 785 567 154
Route #41: 544 126 594 305 483 110 281 566 183 529 534
Route #42: 176 115 123 546 338 524 89 587 716 130 228
Route #43: 496 350 315 753 494 393 604 62
Route #44: 369 335 718 328 765 15 507 688 144 458
Route #45: 304 195 259 533 733 768 623 464 67 527 88 487 658
Route #46: 145 620 470 131 139 359 552 643 406 275 446
Route #47: 137 617 417 584 410 356 23 438 502 677 136 166
Route #48: 673 155 245 562 782 613 679 480 473 337 485 340 540
Route #49: 488 8 197 445 564 682 50 261 712 58 182 482 777
Route #50: 6 78 22 311 532 253 276 418 489 96 208 656
Route #51: 222 370 63 632 223 2 778 774 691 644 649
Route #52: 792 30 333 744 307 664 43 282 94
Route #53: 565 701 519 498 630 256 100 538 723 602 686 38
Route #54: 249 45 761 687 389 660 395 4 707 589 414 709
Route #55: 299 374 495 592 437 21 759 212 267 657
Route #56: 33 627 442 127 90 31 405 354 189 54 194 238
Route #57: 740 368 55 462 16 791 382 755 523 481 159
Route #58: 492 672 265 521 725 244 204 568 363 372 153
Route #59: 433 179 184 557 475 175 66 766 699 220 163
Route #60: 607 188 156 361 219 331 629 327 788 675 397 385 117
Route #61: 463 757 517 435 775 665 65 486 542 121 248 631
Route #62: 461 722 737 91 20 37 357 99
Route #63: 468 44 3 161 35 348 309 112 365 739 171 227 177
Route #64: 698 302 727 57 113 465 181 758 47 344
Route #65: 536 661 24 581 579 510 295 700 756 229
Route #66: 278 41 796 213 358 303 103 474 490 230 380 537 297 324
Route #67: 779 750 690 168 251 515 367 60 426 152 400
Route #68: 378 421 87 598 655 484 215 322 781 285
Route #69: 471 180 663 314 547 178 711 745 135 714 252 174
Route #70: 226 436 313 351 770 399 373 301 64 635 427
Route #71: 560 453 349 614 769 263 586 9 402 270 535
Route #72: 79 577 81 741 13 262 705 666 111 626

