============================================================
BEST SOLUTION DETAILS:
============================================================
Solution results
================
    # routes: 72
     # trips: 72
   # clients: 800
   objective: 7444317
    distance: 24431.7
    duration: 97769.7
# iterations: 17166
    run-time: 1800.01 seconds

Routes
------
Route #1: 93 345 476 478 605 501 59 783 167
Route #2: 255 439 545 543 312 271 330 119 172 48 316 191
Route #3: 738 608 280 624 73 289 69 273 143 752 132 692
Route #4: 319 451 449 70 694 667 332 571 640 39 211
Route #5: 504 98 625 628 447 588 621 719 200 133 320
Route #6: 561 233 169 206 647 323 715 575 258 12 674
Route #7: 424 776 516 622 391 450 610 618 403
Route #8: 616 491 676 773 186 339 798 234
Route #9: 379 46 794 237 636 232 772 124 366 595
Route #10: 440 771 199 612 429 334 416 52 459 734 18 266
Route #11: 7 556 109 321 173 198 572 283 157 326 224
Route #12: 574 68 668 467 597 306 165
Route #13: 520 441 164 549 148 422 652 19 708 513 371 185
Route #14: 115 546 123 716 338 524 587 89 596 578 243
Route #15: 713 25 150 141 298 749 101 208 656 496 494 393
Route #16: 658 487 350 753 315 88 604 62 231
Route #17: 138 645 120 789 506 639 550 730 554 431 460 288
Route #18: 277 377 235 800 702 114 518 240 360 425 146 419
Route #19: 129 27 134 786 187 192 11 448 287 86 104 717 392 147
Route #20: 511 762 290 423 274 80 428 236 472 26 591 210 525 329
Route #21: 706 732 651 748 85 685 202 376 653
Route #22: 352 193 743 257 264 336 585 500 569 394
Route #23: 79 577 626 741 81 729 95 278 153
Route #24: 461 722 737 91 188 607 20 37 357
Route #25: 174 436 313 770 351 301 64 252 426 152 400 372
Route #26: 226 13 262 705 666 111 367 515 251 690
Route #27: 779 750 168 178 711 745 781 285 135 270 399 373 535
Route #28: 671 619 384 603 353 793 214 268 669 635 427 60
Route #29: 28 72 559 362 466 790 457 272 724 648 162 49
Route #30: 254 479 125 17 36 551 401 444 239 760
Route #31: 347 5 606 415 203 693 102 170 683 646
Route #32: 508 681 637 53 293 539 555 573 503 721 108
Route #33: 92 14 346 1 225 746 680 512 286 412
Route #34: 797 505 122 514 75 190 526 294 548 56
Route #35: 695 247 341 381 703 128 659 396 456 76 434 563
Route #36: 117 397 675 788 327 629 331 219 177 324 156 361 385
Route #37: 99 725 521 220 568 363 244 204 672 265 163
Route #38: 38 159 212 759 21 437 495 592 686 267 657
Route #39: 222 370 299 63 374 632 223 2 778 774 22
Route #40: 6 644 691 78 649 253 532 311 701 527 96
Route #41: 489 418 276 519 43 481 94 282 523 100 256
Route #42: 664 744 333 30 307 792 630 498 565
Route #43: 249 45 761 687 389 660 395 4 707 589 414 709
Route #44: 538 442 127 90 31 405 354 189 54 194 33 627 602
Route #45: 740 368 55 462 16 791 382 238 755 723
Route #46: 369 335 718 328 765 15 507 688 144 458
Route #47: 176 446 195 259 533 733 768 623 464 67 130 228
Route #48: 137 617 417 584 410 356 23 438 502 677 136 166
Route #49: 590 310 375 785 522 638 296 154 567 216 452
Route #50: 544 126 594 305 483 110 281 566 183 529 534
Route #51: 673 155 245 562 782 613 679 480 473 337 485 340 540
Route #52: 488 8 197 445 682 564 58 712 50 261 182 482 777
Route #53: 145 620 470 131 139 359 552 643 406 275 304
Route #54: 710 140 387 388 430 284 250 409 780 650 160 541 151
Route #55: 583 641 528 696 71 767 611 241 205 599 260
Route #56: 493 342 509 531 383 292 454 731 82 728 97 634
Route #57: 398 149 390 142 413 751 432 654 477 642
Route #58: 308 764 662 116 77 787 747 633 499 443 580
Route #59: 34 601 600 670 196 678 784 684 355 742 118 325 763 74
Route #60: 593 736 576 558 720 609 318 420 497 10
Route #61: 364 343 201 242 754 61 408 158 221 29 386 411 407 704
Route #62: 615 726 279 106 553 246 269 207 42
Route #63: 217 83 40 51 218 84 404 735 455 317 697 105 570
Route #64: 714 41 796 213 510 24 581 579 47 344 756 229
Route #65: 560 453 349 614 769 263 586 9 402 547
Route #66: 291 469 209 300 107 32 582 799 795 530 689
Route #67: 471 180 663 314 358 303 103 380 230 474 490
Route #68: 378 421 87 598 655 484 215 322 297 537
Route #69: 433 179 184 248 631 557 475 175 66 766 699 492
Route #70: 536 661 700 161 309 112 365 739 348 35 171 227 468
Route #71: 757 517 665 435 775 65 486 542 121 463 3 44
Route #72: 698 302 727 57 113 465 181 758 295

