============================================================
BEST SOLUTION DETAILS:
============================================================
Solution results
================
    # routes: 74
     # trips: 74
   # clients: 800
   objective: 7655017
    distance: 25501.7
    duration: 98696.5
# iterations: 44106
    run-time: 1800.00 seconds

Routes
------
Route #1: 174 400 278 99 372 153 62 231
Route #2: 79 577 626 741 81 729 95 500 569
Route #3: 487 656 496 141 298 749 101 578 618 150
Route #4: 713 25 123 716 338 524 89 587 130 228
Route #5: 658 88 777 527 315 753 604 393 208 96 350
Route #6: 6 644 691 78 649 253 532 311 22 701 565
Route #7: 672 163 63 374 632 223 709 2 778 774 630 498
Route #8: 222 159 212 759 21 437 495 592 686 267 657
Route #9: 117 397 675 788 327 629 331 219 177 324 156 361 385
Route #10: 461 722 737 91 188 607 20 37 357
Route #11: 226 13 427 725 521 220 568 363 244 204 492
Route #12: 583 641 221 383 292 454 731 82 531 97 634 767 260
Route #13: 642 477 654 149 390 142 413 751 432 728 509
Route #14: 308 764 662 116 77 787 747 633 499 443 580
Route #15: 28 72 559 362 466 36 551 401 444 239 760
Route #16: 254 479 457 125 17 790 636 232 772 379
Route #17: 56 441 164 549 148 422 19 708 513 371 162 49
Route #18: 501 132 608 280 752 143 692 478 605
Route #19: 574 68 668 467 597 306 165
Route #20: 520 247 341 381 703 128 659 396 456 76 434 563
Route #21: 695 556 109 321 173 198 572 283 157 326 224
Route #22: 595 199 185 93 345 476 416 52 734 18
Route #23: 7 46 794 237 429 334 440
Route #24: 493 342 528 696 71 611 241 205 599
Route #25: 364 343 201 42 207 704 85 242 61 754 386 411 407
Route #26: 74 736 576 558 720 609 318 420 497 158 408 29
Route #27: 615 601 600 670 196 678 784 684 355 742 118 325 34
Route #28: 398 726 279 106 553 593 10 763 269
Route #29: 352 193 743 264 336 246 124 366 612 771
Route #30: 616 491 676 773 186 339 798 234
Route #31: 129 27 134 786 187 192 11 448 287 86 104 717 419
Route #32: 511 762 290 423 274 80 428 236 472 26 591 525 257
Route #33: 706 732 147 651 748 570 653 685 202 376
Route #34: 277 377 235 800 702 114 518 240 360 425 146 392
Route #35: 138 645 120 789 506 639 550 730 554 431 460 288
Route #36: 217 83 40 51 218 84 404 735 455 317 697 105 585
Route #37: 710 140 388 284 430 409 250 780 650 160 387 541 151
Route #38: 394 384 619 268 603 353 793 214 671 669 210 329
Route #39: 779 750 690 168 635 262 705 666 111 301 770 535
Route #40: 714 436 64 313 351 252 367 60 426 152 515
Route #41: 471 180 663 314 547 178 711 745 781 285 135
Route #42: 297 41 796 213 103 303 358 380 537 230 474 490 251
Route #43: 378 421 87 598 655 484 215 322 373
Route #44: 560 453 349 614 769 263 586 9 402 399 270
Route #45: 291 469 209 300 107 32 582 799 795 530 689
Route #46: 561 320 310 216 785 567 154 296 335 688 620 304
Route #47: 424 776 516 622 391 450 12 258 266 403
Route #48: 191 738 674 316 48 59 783 610 167
Route #49: 255 439 545 543 312 271 330 119 172
Route #50: 211 98 625 571 640 39 588 621 719 200 504
Route #51: 319 451 449 70 694 667 332 133 375 452 206
Route #52: 544 126 594 305 483 110 281 566 183 529 534
Route #53: 233 169 628 447 522 638 464 768 623 67 546
Route #54: 115 590 584 410 356 23 438 502 677 137 166 15
Route #55: 489 418 470 131 139 359 552 643 406 275 494
Route #56: 176 446 195 259 533 733 507 765 144 458
Route #57: 369 718 328 647 323 715 575 596 243
Route #58: 536 661 700 295 510 24 581 579 47 344
Route #59: 38 179 184 433 557 475 175 766 699 265
Route #60: 757 517 665 775 435 486 65 542 121 248 631 66
Route #61: 468 44 3 161 463 112 365 739 309 35 348 227 171
Route #62: 698 302 727 57 113 465 181 758 756 229
Route #63: 508 681 637 53 293 539 555 648 272 724
Route #64: 347 5 606 415 203 693 102 170 683 646
Route #65: 503 573 225 1 108 746 680 512 286 721
Route #66: 797 505 122 514 75 190 526 294 548
Route #67: 92 14 346 412 624 73 289 69 273 652 459
Route #68: 370 276 519 389 660 395 4 707 589 414 687 761
Route #69: 723 538 100 43 481 523 755 282 94 299
Route #70: 664 744 333 30 307 792 488 417 136
Route #71: 673 155 245 562 782 613 679 480 473 337 485 340 540
Route #72: 145 617 197 445 682 564 58 712 50 261 182 482 8
Route #73: 249 45 442 127 90 31 405 354 189 54 238 602
Route #74: 740 368 55 462 16 791 382 194 33 627 256

